255852
464784
512480
88551
71721
76285
490806
106150
11512
60120
107472
408630
249192
94812
176931
98608
144914
17530
203980
511060
506844
134568
92573
759850
23438
671066
55728
221510
560385
388986
51467
598156
403648
133480
403032
487152
281358
113450
26355
182546
198620
94752
193818
674676
600576
400664
62206
514584
302540
260238
57372
204967
122982
59488
76944
18434
304632
246123
406380
384652
362196
158752
532791
988
785525
125058
410865
94792
264570
223836
335984
476544
175425
29462
18378
133276
266233
467038
412614
276220
9087
498096
334692
139525
11628
28860
279420
118416
193193
145780
81252
512069
541722
52484
554675
65264
259080
373789
198604
12823
198025